sep=,
Menesis,Imoka,Suma,Palukanos,Liko Nesumoketa
1,104.64,96.31,8.33,1000.0
2,104.64,97.11,7.53,903.69
3,104.64,97.92,6.72,806.58
4,104.64,98.73,5.91,708.66
5,30.5,0.0,30.5,609.93
6,30.5,0.0,30.5,609.93
7,30.5,0.0,30.5,609.93
8,30.5,0.0,30.5,609.93
9,30.5,0.0,30.5,609.93
10,104.64,99.56,5.08,609.93
11,104.64,100.39,4.25,510.37
12,104.64,101.22,3.42,409.98
13,104.64,102.07,2.57,308.76
14,104.64,102.92,1.72,206.69
15,104.64,103.78,0.86,103.78
